start_date,events,cumulative_events
2022-09-30,1,1
2022-10-31,2,3
2022-11-30,0,3
2022-12-31,0,3
2023-01-31,4,7
2023-02-28,5,12
2023-03-31,8,20
2023-04-30,15,35
2023-05-31,29,64
2023-06-30,22,86
2023-07-31,40,126
2023-08-31,23,149
2023-09-30,27,176
2023-10-31,14,190
