month_ending,events,audience,cumulative_events,cumulative_audience
2022-09-30,3,33,3,33
2022-10-31,3,31,6,64
2022-11-30,5,48,11,112
2022-12-31,2,10,13,122
2023-01-31,2,8,15,130
2023-02-28,0,0,15,130
2023-03-31,2,17,17,147
2023-04-30,20,828,37,975
2023-05-31,2,17,39,992
2023-06-30,4,110,43,1102
2023-07-31,1,1050,44,2152
2023-08-31,0,0,44,2152
2023-09-30,1,8,45,2160
2023-10-31,0,0,45,2160
2023-11-30,0,0,45,2160
2023-12-31,8,935,53,3095
