week_ending,events,audience,cumulative_events,cumulative_audience
2022-09-16,1,14,1,14
2022-09-23,1,9,2,23
2022-09-30,1,10,3,33
2022-10-07,1,11,4,44
2022-10-14,1,11,5,55
2022-10-21,1,9,6,64
2022-10-28,0,0,6,64
2022-11-04,1,9,7,73
2022-11-11,1,10,8,83
2022-11-18,1,9,9,92
2022-11-25,1,10,10,102
2022-12-02,1,10,11,112
2022-12-09,1,10,12,122
2022-12-16,1,0,13,122
2022-12-23,0,0,13,122
2022-12-30,0,0,13,122
2023-01-06,1,0,14,122
2023-01-13,0,0,14,122
2023-01-20,0,0,14,122
2023-01-27,0,0,14,122
2023-02-03,1,8,15,130
2023-02-10,0,0,15,130
2023-02-17,0,0,15,130
2023-02-24,0,0,15,130
2023-03-03,0,0,15,130
2023-03-10,0,0,15,130
2023-03-17,0,0,15,130
2023-03-24,1,9,16,139
2023-03-31,1,8,17,147
2023-04-07,0,0,17,147
2023-04-14,0,0,17,147
2023-04-21,19,820,36,967
2023-04-28,1,8,37,975
2023-05-05,1,8,38,983
2023-05-12,0,0,38,983
2023-05-19,0,0,38,983
2023-05-26,0,0,38,983
2023-06-02,1,9,39,992
2023-06-09,3,51,42,1043
2023-06-16,0,0,42,1043
2023-06-23,1,59,43,1102
2023-06-30,0,0,43,1102
2023-07-07,0,0,43,1102
2023-07-14,1,1050,44,2152
2023-07-21,0,0,44,2152
2023-07-28,0,0,44,2152
2023-08-04,0,0,44,2152
2023-08-11,0,0,44,2152
2023-08-18,0,0,44,2152
2023-08-25,0,0,44,2152
2023-09-01,0,0,44,2152
2023-09-08,0,0,44,2152
2023-09-15,0,0,44,2152
2023-09-22,1,8,45,2160
2023-09-29,0,0,45,2160
2023-10-06,0,0,45,2160
2023-10-13,0,0,45,2160
2023-10-20,0,0,45,2160
2023-10-27,0,0,45,2160
2023-11-03,0,0,45,2160
2023-11-10,0,0,45,2160
2023-11-17,0,0,45,2160
2023-11-24,0,0,45,2160
2023-12-01,0,0,45,2160
2023-12-08,8,935,53,3095
