date,volunteer_shifts,volunteer_hours,cumulative_volunteer_shifts,cumulative_volunteer_hours
2023-01-13,134,993,134,993
2023-01-20,0,0,134,993
2023-01-27,0,0,134,993
2023-02-03,0,0,134,993
2023-02-10,12,16,146,1009
2023-02-17,7,30,153,1039
2023-02-24,6,27,159,1066
2023-03-03,9,29,168,1095
2023-03-10,16,57,184,1152
2023-03-17,20,70,204,1222
2023-03-24,14,54,218,1276
